axis: 1, max: 8.6157983265538e-08, argmax: 7361, time: 176.52918529510498
axis: 2, max: 2.9437964526170857e-07, argmax: 16761, time: 359.9153447151184
axis: 3, max: 5.3364840544576014e-08, argmax: 17161, time: 545.7746555805206
