axis: 1, max: 3.943750550916868e-08, argmax: 11084, time: 122.22038197517395
axis: 2, max: 2.1202557835906103e-08, argmax: 5984, time: 253.02537870407104
axis: 3, max: 2.653996534265068e-08, argmax: 22184, time: 373.3650028705597
