axis: 1, max: 3.296595228240696e-08, argmax: 8175, time: 53.7162709236145
axis: 2, max: 4.5832183309583354e-08, argmax: 9325, time: 107.96076035499573
axis: 3, max: 3.694432512764669e-08, argmax: 875, time: 160.11492800712585

