gate0B: 5.0, 0.0, 0.3, -90.0, 2, 2, 2
gate1B: 3.1174490092936677, 3.909157412340149, 0.3, -38.57142857142858, 2, 2, 2
gate2B: -1.1126046697815717, 4.874639560909118, 0.3, 12.857142857142858, 2, 2, 2
gate3B: -4.504844339512095, 2.169418695587791, 0.3, 64.28571428571428, 2, 2, 2
gate4B: -4.504844339512096, -2.16941869558779, 0.3, 115.71428571428571, 2, 2, 2
gate5B: -1.112604669781573, -4.874639560909118, 0.3, 167.14285714285714, 2, 2, 2
gate6B: 3.117449009293667, -3.9091574123401496, 0.3, 218.57142857142856, 2, 2, 2
gate7B: 5.0, -1.2246467991473533e-15, 0.3, 270.0, 2, 2, 2
