v0: [0.0, -0.45, 2.03849800e+00, 1.570796327]
v1: [0.0, 7.0, 2.03849800e+00, 1.570796327]
