v0: [8.00149750e+00, 1.49774600e-03, 2.03849800e+00, 1.57079633e+00]
v1: [4.99002275, 6.2544155 , 2.038498  , 2.46839423]
v2: [-7.20974975, -3.47176975,  2.038498  ,  5.16118793]
v3: [-1.77904025,  7.79763   ,  2.038498  ,  3.36599213]
v4: [-7.20844975,  3.46907075,  2.038498  ,  4.26359003]
v5: [-1.781961  , -7.798297  ,  2.038498  ,  6.05878583]
v6: [8.00149750e+00, 1.49774600e-03, 2.03849800e+00, 1.57079633e+00]
v7: [ 4.98768075, -6.25254775,  2.038498  ,  0.67319843]
