v0: [0.0, -0.25, 2.03849800e+00, 3.141592654]
v1: [0.0, 2.0, 2.03849800e+00, 3.141592654]
