v0: [1.50299849469, -17.1461013939, 7.32309039186, 1.46047670028]
v1: [0.0, 0.22, 2.038498, 1.570796327]
v2: [0.0, 7.0, 2.038498, 1.570796327]
