v0: [2.41074766586, -9.36823016501, 3.05989685135, 1.57198870281]
v1: [0.0, 0.22, 2.038498, 1.570796327]
v2: [0.0, 7.0, 2.038498, 1.570796327]
