v0: [0.0, -0.4, 2.038498, 1.570796327]
v1: [0.0, 7.0, 2.038498, 1.570796327]
