v0: [0.0, -0.25, 2.03849800e+00, 1.570796327]
v1: [0.0, 3.0, 2.03849800e+00, 1.570796327]
