v0: [7.99850275, -0.001497746, 2.038498, 4.71238898038469]
v1: [4.98815575, 6.25254775, 2.038498, 3.8147910793590345]
v2: [-1.778374, 7.79829675, 2.038498, 2.9171931783333793]
v3: [-7.2057512500000005, 3.4717692499999995, 2.038498, 2.0195952773077246]
v4: [-7.20705125, -3.46907075, 2.038498, 1.1219973762820692]
v5: [-1.7812945, -7.7976305, 2.038498, 0.22439947525641388]
v6: [4.98581375, -6.25441525, 2.038498, 5.609986881410345]
v7: [7.99850275, -0.001497746, 2.038498, 4.71238898038469]
